125.8322029583 139.6076797874 186.2424437823
183.1444044784 117.6623299241 150.9108473933
107.0980362854 137.4026404058 123.5912982017
255.8179773279 96.2330346401 177.5067009458
203.0551323175 182.4403852385 144.7542528811
162.5649077975 50.6311175434 157.2889535120
212.6479886716 127.2300482635 158.2321241008
219.3950957605 140.7481496960 157.7505109876
0.0000000000 0.0000000000 0.0000000000
0.0000000000 0.0000000000 0.0000000000
224.9872371225 118.6464343257 150.9295470071
216.3322749908 89.9122111230 153.6705459339
161.5731275095 123.3023705801 143.1536879965
133.4999999428 130.0710921234 133.1671315075
0.0000000000 0.0000000000 0.0000000000
149.5755300796 89.8493733537 107.3370623378
