102.7076111102 123.2771951929 173.3558314563
151.5343189237 102.6825354426 113.4388033751
56.4755095090 112.2952235502 113.4388033751
234.8442867249 93.6038855629 113.4388033751
159.0108544956 173.7096197936 113.4388033751
144.0577833518 41.2681391989 113.4388033751
176.6341169152 122.4419498861 113.4388033751
178.7702699357 137.9290585039 113.4388033751
0.0000000000 0.0000000000 0.0000000000
0.0000000000 0.0000000000 0.0000000000
180.4899899321 108.5116135831 90.5392370063
177.3049026452 81.4210694188 103.4572983958
113.6176028089 106.9548412681 113.4388033751
85.8476135418 109.6250324091 113.4388033751
0.0000000000 0.0000000000 0.0000000000
99.1391712838 70.5831552341 83.3659166181
