175.2057586617 109.3936251872 183.5152860331
167.8102841777 109.3373337972 125.7605312267
90.2139915967 116.3386434570 125.7605312267
236.3027205489 100.7757788113 125.7605312267
174.4692710471 165.0207710792 125.7605312267
159.2487296311 53.6872263889 125.7605312267
187.8524421480 122.6196664110 125.7605312265
188.3371771899 137.1617184114 125.7605312265
0.0000000000 0.0000000000 0.0000000000
0.0000000000 0.0000000000 0.0000000000
195.5156731929 112.8251530037 97.9835186839
193.2569450950 90.0238299810 99.9837233229
138.4003747619 112.4220437030 125.7605312265
115.4896730608 114.5027354299 125.7605312267
122.8779670455 125.7001331433 84.2758729092
123.9598896630 81.0470032314 90.9511797395
