205.6349474371 130.1059430444 254.5262660794
205.3694524900 128.6699379832 155.0668985301
90.9606056239 124.6789314405 155.0668985301
313.7917899270 131.9957767686 155.0668985301
202.0436139183 215.8069141631 155.0668985301
208.6952910616 45.5239683457 155.0668985301
247.2750184933 153.9463127529 155.0668985301
249.9356893507 168.5800034090 155.0668985301
0.0000000000 0.0000000000 0.0000000000
0.0000000000 0.0000000000 0.0000000000
243.3999053628 139.5618843852 114.8384483403
245.2850877107 105.6344591151 114.4315573690
173.4414022018 126.6744347117 155.0668985301
131.5358361985 126.0092669547 155.0668985301
152.0475643873 156.2846008630 117.2157553325
151.9622781761 98.4956030435 116.8233435119
