126.6490957142 120.0266921912 188.3029596954
159.6379740487 112.9478439819 108.9116007656
71.3530214762 121.4367817782 108.9116007656
241.1317764240 103.8929769991 108.9116007656
166.4291242465 179.1615587932 108.9116007656
151.7149654845 45.6022707978 108.9116007656
190.1981499391 131.0575779473 108.9116007656
193.0277958548 141.8102324895 108.9116007656
0.0000000000 0.0000000000 0.0000000000
0.0000000000 0.0000000000 0.0000000000
201.2109886396 117.1665628003 89.9075449425
190.6638618068 87.1510149503 91.6510763105
127.9459397918 115.2115607277 108.9116007656
101.9131973666 118.0412066596 108.9116007656
0.0000000000 0.0000000000 0.0000000000
121.4550911208 75.5415279488 72.8959137341
