89.5645432495 99.1276698239 174.7109919438
133.2449918161 93.0549451432 106.1065880291
46.8201321894 80.0346183826 106.1065880291
197.7086645976 102.3242309365 106.1065880291
123.9757055339 150.3559845924 106.1065880291
142.0929469039 33.6472498319 106.1065880291
140.8289533199 112.0148479021 106.1065880291
142.9356092931 127.6041012818 106.1065880291
0.0000000000 0.0000000000 0.0000000000
0.0000000000 0.0000000000 0.0000000000
161.8583946613 105.6372537937 96.1484348902
156.2286365158 77.4765277298 97.5392205063
100.3811586336 88.8416334191 106.1065880291
77.1012721125 83.7646301748 106.2065344435
87.1680609301 93.6905041147 70.3366953857
94.1535084658 51.1465370796 92.5588427549
