160.2493527231 135.5927042581 157.7762948566
223.4589844653 132.7812617986 119.4156097948
158.6066444256 136.8670179986 61.6608272099
282.0873211282 128.1847860735 176.3665127755
225.0389049960 194.8173082489 121.7519972513
221.5880651272 66.8984430727 117.6776448674
245.9232865830 145.3158465646 140.2835159632
246.9261708953 161.0573452901 141.2151316263
0.0000000000 0.0000000000 0.0000000000
0.0000000000 0.0000000000 0.0000000000
262.9639970640 139.7723571684 117.0090455743
261.3274916621 111.6794464013 115.8654868595
201.5951858319 133.4165831746 99.1055331229
179.3052879569 135.3348594237 78.3996373903
234.2567338240 157.3737930357 74.0656328168
226.8899183200 92.3272233651 83.2073109589
