152.0103912980 149.5682348211 238.2410578690
182.3850847365 142.2831783874 184.1484416623
106.0254768019 141.6435486669 176.3620601048
251.1087318780 142.2831783874 191.1561850637
181.1124246043 199.2102235113 184.0186686361
181.7487546705 75.7616874560 184.0835551492
201.1799725083 155.7154025178 181.6589993514
204.3781212429 172.3457752506 181.6589993514
0.0000000000 0.0000000000 0.0000000000
0.0000000000 0.0000000000 0.0000000000
212.8486044062 158.9135511202 160.1781394727
212.8486044062 133.3283623006 160.1781394727
155.1266307422 141.6435486669 181.6589993514
130.8423493807 141.6435486669 178.8926341109
151.0949112484 147.1403491347 127.9705163469
151.8232641207 100.0960394121 151.2552356484
