134.7694924715 114.0420459969 232.1193094769
159.3840722295 115.3309207585 194.9470673859
85.8491949436 125.3968338847 187.0044910537
220.2305459419 107.3264797722 201.7617038837
166.3459541034 168.7240251607 195.6990272752
152.4221903555 65.7498820829 194.1951074963
177.6590121467 124.5215370897 196.9209620955
182.0101883177 137.6509889919 197.3909370265
0.0000000000 0.0000000000 0.0000000000
0.0000000000 0.0000000000 0.0000000000
182.6497216465 125.1927061653 160.2074719763
181.9569861220 103.7946456745 160.4910386457
141.5439718075 117.9568106147 193.0227818030
116.3074281388 120.5827015200 190.2943155699
135.0977449043 146.5020596303 161.7212743458
135.1131920774 91.6800746955 158.4084256338
