110.5832458297 107.5537426590 171.3410237812
150.1139879612 104.0805540812 119.7909229641
70.8157126339 104.0805540812 119.7909229641
233.1883716373 104.0805540812 119.7909229641
150.7433393527 164.4982904766 119.7909229641
150.7433393527 47.4389262104 119.7909229641
177.1760977951 123.5904481255 119.7909229641
176.5467464036 136.1774765413 119.7909229641
0.0000000000 0.0000000000 0.0000000000
0.0000000000 0.0000000000 0.0000000000
182.8997984629 109.1153654473 97.3690523941
183.4924104659 87.7174171406 97.1571699079
119.9051211699 103.4512026603 119.7909229641
93.4723627275 103.4512026603 119.7909229641
110.8886589644 121.0352249888 75.9105994203
110.8684207447 71.7291553867 81.5463911213
