138.0687242654 113.2629354934 192.5660169948
172.4199003990 118.4735842418 126.9071518122
85.2380409152 119.6087960257 137.4852063485
259.6017598830 117.3383724579 116.3290972751
174.6314623190 188.0143231014 124.1255354881
172.9134243535 45.5640167631 129.4809817589
198.3066758024 157.6932119496 122.3371943869
198.3066758024 157.6932119496 122.3371943869
0.0000000000 0.0000000000 0.0000000000
0.0000000000 0.0000000000 0.0000000000
194.0899432939 126.3244233875 94.3472912422
193.6294175357 99.9829970816 94.3655198575
142.2447280390 118.3991731446 130.5852849845
111.3898569607 119.6732856430 134.2974909325
127.9321519400 144.6596288928 83.4606593963
128.4708907602 88.0568074819 83.6006272275
