94.5912279050 108.2811596602 192.7335378461
151.6682037111 105.8112887172 138.5750488873
66.8927658011 106.3631362800 120.6969319657
237.5235835046 104.1557460285 156.6809125211
153.8280874794 176.9996243262 139.0305423119
151.1282327689 40.6932762997 138.4611755312
178.1267798739 124.5741058544 144.1548433405
180.8266345844 142.2332278660 144.7242101214
0.0000000000 0.0000000000 0.0000000000
0.0000000000 0.0000000000 0.0000000000
177.7097144877 118.1073432458 120.3078413318
173.4976904884 85.5009794587 123.6222081417
119.2699471853 106.3631362800 131.7426475162
91.1914581952 106.3631362800 125.8212329943
109.0820393173 134.8065746872 122.5664405319
109.0022179385 83.7065674522 123.0683584320
