81.5398578218 117.4300227845 211.8735299071
143.2478051581 116.4826795356 172.8914550205
77.5122206547 105.8231872237 137.5860524414
209.8776288221 128.1573633936 208.6774319253
136.0844568402 175.3638087159 169.0644712113
151.7535129029 52.0179947812 177.4374325073
162.9219244318 132.7257424028 183.4624891877
165.1558783523 146.9384274290 184.6669935463
0.0000000000 0.0000000000 0.0000000000
0.0000000000 0.0000000000 0.0000000000
178.5337071956 130.8854837359 159.1253130426
181.0536672208 100.9725266941 161.3686722448
128.0437380498 113.4371091045 164.7254271198
101.6600374457 109.3763505788 150.5552887046
122.9230525291 127.1705102813 125.8853736215
119.0797438252 80.3445451024 134.9416065075
