153.6274584748 136.8776936990 214.7019395154
179.0454828992 126.5385216433 158.7283142468
99.8470063591 125.4292348554 154.4489700808
254.9209464375 127.0931650373 162.8281055103
179.5993183993 188.6585817678 158.7582397304
179.5993183993 63.3091747307 158.7582397304
207.8449289137 145.3963970382 160.2844393978
211.1679419154 158.1531950995 160.4639922997
0.0000000000 0.0000000000 0.0000000000
0.0000000000 0.0000000000 0.0000000000
212.9033419196 146.2038542040 143.3882636435
209.6817372099 111.7865088331 143.9928412124
141.3846688801 125.9838782492 156.6933813567
122.0004263702 125.9838782492 155.6459894278
148.2366686131 141.0039891047 105.5866848876
148.8127835582 91.0100698779 117.2478571380
