86.7585986781 99.0657255502 168.1222923087
149.9984924398 106.1065790149 129.7823511739
64.4253743666 99.7416412561 130.1734036427
220.0128625670 110.3498601719 129.4627489508
145.0479316481 166.2205499950 129.7830364785
153.5346214413 45.9926091998 129.7880913868
166.2644411322 126.6160366743 129.7010187088
162.7283500031 140.7605023878 129.7119521476
0.0000000000 0.0000000000 0.0000000000
0.0000000000 0.0000000000 0.0000000000
172.9680474570 121.2474010818 104.4764908309
176.3540202117 91.5334117677 103.8373031194
121.0026419027 104.6921566237 129.9145873183
92.7140084261 101.8632873698 130.0441237396
129.4276439367 131.0678449546 86.5028575121
132.7206352058 73.2022615831 85.1202173447
