119.8012066229 101.6563601898 243.1457864871
132.9578123022 108.6426682078 165.4682276740
58.9557720163 145.2217873876 157.3471414468
196.5736549941 75.3299132107 172.4473618598
161.5179458887 166.1099050178 168.6851121198
105.0467538913 53.1345736429 162.3252062413
160.2210343246 119.0890875687 168.4877538775
165.4136169604 135.4152942104 169.0794099875
0.0000000000 0.0000000000 0.0000000000
0.0000000000 0.0000000000 0.0000000000
164.2895104647 109.3269333647 142.6655121683
153.9467726209 91.6419300165 142.0649024520
102.4482008484 123.6662464063 162.1199945803
82.9739560117 134.1172592615 159.9838165248
108.0004021702 151.3111452049 136.1680504584
93.6284453944 110.2073484920 125.5426546651
