135.8177051785 132.8027761526 226.7769513470
180.0813524260 109.5466036137 155.5822104809
93.7845685713 116.6614180484 177.0841105236
254.8718984333 104.2104927876 136.9472304434
184.6838475650 178.9160443517 154.4354424783
174.9035453946 46.1061749046 156.8723244830
196.1900854121 129.1123433091 151.5685224727
203.0938281205 142.7490709755 149.8483704692
0.0000000000 0.0000000000 0.0000000000
0.0000000000 0.0000000000 0.0000000000
202.7895707101 109.8453284289 130.5390009040
197.4061508964 84.3407153580 132.9199783489
142.6860794223 112.5111096283 164.8997004992
118.5229799431 114.8827144397 170.9202325112
0.0000000000 0.0000000000 0.0000000000
127.0353546796 81.9630397335 152.8271513408
