131.5771927977 111.1952221015 186.5960030087
164.7757792767 111.1128685338 139.3030704214
93.3323273885 120.8275046494 112.7381351619
235.7734748810 98.5983972838 161.9537012631
173.0602217850 171.1036685533 140.2428213939
157.3108691328 52.6843114561 134.7905081017
181.9041248602 122.8412748814 145.2327812079
184.9267740808 142.0332125409 146.2792007582
0.0000000000 0.0000000000 0.0000000000
0.0000000000 0.0000000000 0.0000000000
209.5962172510 113.0461900743 123.2741651653
204.5881936824 91.1166609183 122.3733499533
144.4608608146 113.7350482223 132.2701908864
121.7339309107 116.2839343547 122.4740264379
150.9944121907 133.2330059449 67.4867718014
144.8417513417 87.8163196357 72.0399143056
