85.8561677563 89.6630518426 165.9182071989
122.7001595408 90.3386344725 113.9191810029
51.8223049898 96.2593634904 87.3309585215
197.5376707706 85.2637238859 141.9927790421
127.8477132234 149.1230154346 115.8501692279
119.9283998656 34.0917088038 112.8794181126
154.7733786393 100.9113648614 125.9507230196
160.7128636574 114.4444597592 128.1787863562
0.0000000000 0.0000000000 0.0000000000
0.0000000000 0.0000000000 0.0000000000
163.1225933606 99.3684485509 98.2620047803
162.3761819198 76.1161369219 97.5435330028
103.6469321315 92.2358978066 106.7717940999
76.7681420663 94.1448174126 96.6888245346
120.5223860864 114.4813437301 76.4377411870
116.4274002609 63.5314141641 78.0827542575
