160.6148929018 128.1450169385 268.0665241099
201.1893755184 112.6608622439 189.7247801963
95.8662398194 130.5122416686 189.7247801963
288.6611322856 97.7847127233 189.7247801963
213.6853407709 189.4217937701 189.7247801963
187.5033183373 43.0404824874 189.7247801963
223.8011221657 133.4874715727 189.7247801963
228.5614898810 150.1487590356 189.7247801963
0.0000000000 0.0000000000 0.0000000000
0.0000000000 0.0000000000 0.0000000000
236.3014117487 117.9188382973 171.4378102629
229.8447645445 94.1021158334 172.1061160128
169.0568934409 118.6113220520 189.7247801963
132.1640436478 124.5617818602 189.7247801963
150.0860974593 139.4125720186 126.2879842269
143.3949708119 80.1255716344 133.7098260250
