101.5623830888 100.9135439185 170.1387828947
139.6444552291 97.4848939457 126.7383088322
70.5007158364 91.7231875277 123.1727540114
217.1693329020 103.2456528466 130.7329656573
135.4477864481 151.5090871214 126.7621867583
144.8884701961 46.0830929817 126.7796428761
165.3101514967 111.1190475618 128.1126196639
167.9274806148 126.8538153706 128.3161593593
0.0000000000 0.0000000000 0.0000000000
0.0000000000 0.0000000000 0.0000000000
177.1303887595 107.1192980266 109.0036937173
174.9294567652 85.1253467083 110.8984078441
121.3108336811 96.4379623787 125.7950185099
93.5486092274 93.8185903771 124.3620438994
105.8021131004 102.9351128781 82.8360100583
108.5228092179 63.4393618203 94.9116676510
