90.4206165953 106.6321791601 139.4042673241
159.1292700735 106.1136788788 112.7954613843
86.4586502058 108.9240910233 89.0774144380
238.2120034591 103.8653491630 138.6062771791
161.2666412462 167.9427460622 113.4930510006
157.5262416941 44.8466941242 112.2722691723
187.4494381103 122.4140693180 122.0385237973
188.5181236965 135.9040476126 122.3873186054
0.0000000000 0.0000000000 0.0000000000
0.0000000000 0.0000000000 0.0000000000
196.2786285437 115.8538549094 97.3315464796
195.1925339593 92.8072655511 97.1630695151
135.0596296052 107.7982434522 105.1983885148
109.9697331043 107.7999261656 96.7509002149
162.0296598235 131.4564955171 79.0550355895
160.1212246034 72.3131949043 78.1775350505
