108.4489496377 108.4947684729 184.8721107649
145.5376516956 99.3173547525 113.5419687047
57.0367741697 105.8751188281 116.5944514759
215.8711252216 93.7941300734 111.1248692271
149.5548833480 162.2151853394 111.6246471877
139.6759699794 40.6246167629 115.4083932884
167.0374587457 113.6445946149 112.3523094563
168.0444491058 129.9516340899 111.8564830364
0.0000000000 0.0000000000 0.0000000000
0.0000000000 0.0000000000 0.0000000000
168.1929530690 106.3533819800 92.6886036581
165.8029698203 83.5325921335 93.6381749586
111.0687533335 101.8419955713 114.7316638998
84.0527637528 103.8585572011 115.6630576880
107.0205489173 122.0821343321 85.1741825373
103.5461599236 74.6952102341 93.7171485908
