100.7043725280 116.0006564900 178.5311570201
152.1237916722 105.8114912838 114.9663221219
64.0290163849 114.2386183648 87.9762925934
241.2928934873 97.9461726748 142.2854983525
158.0325875755 181.6556350134 116.7766289807
146.2149957687 36.1472407472 113.1560152635
184.3535875090 123.7893623901 124.8407231690
189.7252201485 145.1380843288 126.4864566773
0.0000000000 0.0000000000 0.0000000000
0.0000000000 0.0000000000 0.0000000000
198.5598255297 114.6799761479 101.0704022023
194.7522975650 82.0883266255 100.3437194195
124.1913019469 108.6205336443 106.4085078812
93.0358326380 111.4295760046 96.8632535359
124.2848828165 123.7917552577 53.5955297018
0.0000000000 0.0000000000 0.0000000000
