156.0263870918 103.5216806941 232.4262379591
216.6129295709 102.5708744175 185.1749073916
124.1236338793 119.9130792937 202.2271103126
290.0796041629 89.8977247001 171.6298951427
227.7641212520 169.2716623920 183.1189680319
205.4617378901 43.8741809999 187.2308467512
235.8791030189 136.8066568080 180.8443031352
233.5001141649 117.7041152735 181.0528065327
0.0000000000 0.0000000000 0.0000000000
0.0000000000 0.0000000000 0.0000000000
235.2238336994 117.6484966960 145.3954473580
234.0193557092 91.1013629300 143.0209700764
184.6323858432 109.3282334408 189.2119411262
155.6093515616 114.5770162548 196.4221050629
166.5106333252 142.7874426578 148.6285429233
158.5254587039 88.4570356124 139.5153627295
