101.6916661413 96.0068750853 143.5035554961
158.6609099180 96.1303527609 102.2251674321
72.0868858041 93.3195077884 102.2251674321
231.1807093381 98.3790287390 102.2251674321
156.9744029547 152.3472522107 102.2251674321
159.7852478934 40.4756223058 102.2251674321
180.0233314525 112.4332536014 102.2251674321
183.3963453790 126.4874784638 102.2251674321
0.0000000000 0.0000000000 0.0000000000
0.0000000000 0.0000000000 0.0000000000
185.4760438729 107.7607102753 76.7292514314
186.0562772116 82.4636520434 76.8130026287
129.4281225547 94.4438457775 102.2251674321
99.6331662038 94.4438457775 102.2251674321
118.6233165544 116.5957088434 55.2858453252
119.6570452352 66.3417342607 54.6597892456
