105.0224769748 116.4233728930 198.4716094757
137.0147637620 120.2058897481 139.5208858846
56.2209376207 119.1879461968 140.3418737641
222.9500152031 118.4534189617 138.6476533216
137.7492530903 180.8882339693 139.5134223585
137.7492530907 57.4876584246 139.5134223585
164.9253582471 138.7367652367 139.2372718898
168.8812591299 153.4851708002 139.2074177849
0.0000000000 0.0000000000 0.0000000000
0.0000000000 0.0000000000 0.0000000000
173.7192034503 133.8784909047 114.1189787600
174.2803447576 108.5577930261 114.1189787602
111.3076372624 119.1879461968 139.7821093007
82.6625534486 118.6268048991 140.0731868219
104.5144759242 140.2051917508 95.6514702129
104.4868296087 88.4447624721 90.0558163755
