134.3910585917 114.8088687813 195.2542174209
185.9758904939 109.4010169803 136.4799188016
95.8524140882 122.4229577168 122.3444386260
259.4285714262 98.4587318889 148.0080403574
194.9376572657 170.5542840686 136.4844107158
177.0212623753 52.4641704058 136.3819213736
206.3281818271 127.8826506038 139.1911531556
207.3980986388 140.5341081292 139.0497782249
0.0000000000 0.0000000000 0.0000000000
0.0000000000 0.0000000000 0.0000000000
215.0250752124 118.8172472785 111.1565990673
207.3257584997 90.8461088120 112.4018811912
154.7185951482 113.5638975972 131.5852772953
126.5877432023 117.7321322039 127.1707493884
138.5219013048 135.4053791390 100.1300885581
132.1488824123 91.9948455207 102.1548774051
