138.6975268354 97.5637800385 178.9398690834
150.5911308342 96.3978039480 113.2498706491
73.6549589685 95.8436236297 113.5271411824
234.3782016762 95.9005068729 112.9558783370
151.6216474909 158.0514395784 112.7999375867
151.6682599301 35.2718652900 113.6884981752
179.5674089050 113.7974433483 113.0210084006
181.6702533762 126.9719634233 112.9181773099
0.0000000000 0.0000000000 0.0000000000
0.0000000000 0.0000000000 0.0000000000
185.8543192449 106.7996841380 92.3739299444
185.8645219669 79.9251850450 92.5684217472
124.7698196573 96.9156162913 113.3378337384
97.8949856842 96.3791537043 113.4371699427
110.2465232081 107.5233089929 58.4995140471
111.4504275360 58.1445766899 64.2419119856
