129.8597044762 100.1840349188 174.2825759743
190.0661885795 99.5969672024 133.4299413818
111.7607873897 98.4838546434 157.1321042291
261.4401926814 101.2666547565 111.8004485328
187.9356212929 161.9319692244 134.0755978850
190.5988304012 40.0447777705 133.2685272563
207.1107268724 121.3029054063 128.2646893581
205.5128014076 131.8775932495 128.7489317355
0.0000000000 0.0000000000 0.0000000000
0.0000000000 0.0000000000 0.0000000000
219.1185649671 112.3363281239 103.1608848093
218.2866528062 85.6228615782 103.9539459015
167.6952320698 99.5969672024 140.2093346631
141.0631409871 98.4838421662 148.2800409502
143.9978309288 119.2642178460 84.2939416150
143.8067751657 72.4869951846 85.5100042418
