176.9056584932 125.6569323794 230.6192514726
202.5916711329 122.0547735849 168.5757299560
117.0126622341 131.6906061648 175.3474751608
280.3113832962 110.6669714449 162.4258797192
209.5777126756 182.4977234047 168.0229344292
191.2393536259 54.6039455252 169.4740226874
216.5637542185 135.1945452849 167.4701389021
220.9300301828 150.0862865447 167.1246416978
0.0000000000 0.0000000000 0.0000000000
0.0000000000 0.0000000000 0.0000000000
223.7517707327 139.3104056490 138.5287238461
223.0127219419 106.5364343489 138.9287349553
165.9149530333 125.5587127048 171.4779064723
141.4638076338 129.0626518249 173.4126908165
177.5740795513 151.2082059588 122.9490542636
176.7379503056 93.6327087989 125.5979910289
