139.6465565148 117.5365319738 168.5383104810
182.0667932185 119.8201688979 127.8969116653
109.7785602250 119.8201688979 127.8969116653
252.6739045147 118.9796080521 127.8969116653
182.0667932185 174.4566238773 127.8969116653
182.0667932185 66.8648356104 127.8969116653
202.2402535889 135.7908249689 127.8969116653
204.7619361351 147.5586768106 127.8969116653
0.0000000000 0.0000000000 0.0000000000
0.0000000000 0.0000000000 0.0000000000
219.3724229374 129.9068990481 105.0131595596
219.3724229374 111.4145604396 105.0131595596
159.3716503020 118.9796080521 127.8969116653
132.4737031414 118.9796080521 127.8969116653
152.6422351304 142.1831151865 83.2597969082
152.9958590384 95.2372424005 80.9392931374
