107.8224147964 86.7195947771 192.9520827735
130.2055716869 93.2631669092 126.0073075965
51.4641355523 91.2147989759 117.4638854675
219.1290900804 95.3115348423 135.6554825869
130.2055716869 151.9830476646 126.0073075965
132.2419881386 37.2744433980 126.2282581687
162.7882349149 111.6984783091 129.5425167532
165.5034568507 123.9886859091 129.8371175164
0.0000000000 0.0000000000 0.0000000000
0.0000000000 0.0000000000 0.0000000000
165.5734989019 106.7390568726 98.2990237382
164.9184821661 85.5737596700 98.5126083948
103.7321578141 92.5803775980 123.1349501566
77.2587439413 91.8975882869 120.2625927164
137.0244121629 122.2459077398 99.7315208598
139.1232609976 63.8096506506 97.5343655824
