139.8696161076 116.5227036131 193.4538732070
190.4068303444 116.7254645860 133.9071866552
92.9334584848 123.1577455775 134.1943670357
268.0886546181 111.2827652854 133.6783170117
194.3651398616 179.5639019604 133.8955245075
185.4589434477 51.9078638295 133.9217643393
201.7869702061 138.0014709411 133.8736579813
204.7557023440 153.8347779959 133.8649113709
0.0000000000 0.0000000000 0.0000000000
0.0000000000 0.0000000000 0.0000000000
215.7339488192 131.6163077725 103.6764593318
215.0327565081 101.4475113341 102.9250771500
163.6882411036 118.7046279679 133.9859061500
131.5269762768 120.1890005045 134.0806610983
136.7052901813 148.1971230465 86.5412816830
137.4491342639 92.6254893739 82.4527472918
