115.8853507698 102.1573020727 238.1897220374
183.0796973642 108.2649870883 196.3114598756
99.0420617149 120.5085189994 163.0816749935
264.9486198356 96.6044805064 228.6837019222
191.7545500766 178.2280265801 199.7416312183
174.9470229466 40.6340489129 193.0956742419
213.4416818570 122.2575949866 208.3170595749
222.1165345692 138.5823042013 211.7472309178
0.0000000000 0.0000000000 0.0000000000
0.0000000000 0.0000000000 0.0000000000
226.3056170503 115.9672833144 184.8982827404
223.0427282216 90.3127505405 183.6662703903
157.0551392278 112.3461643920 186.0209458478
126.1509764406 116.4273416957 173.8009604392
154.4905538904 142.7506534985 132.9757252389
154.4905538904 87.1554113285 132.9757252389
