116.6699691462 120.8363948038 247.1038783248
166.9049094648 123.7133609102 178.1448012007
85.7170285426 122.8559845240 139.2482486416
251.9588799546 124.5707372964 218.8935705480
167.6781273784 187.1592134899 178.5152445579
167.6781273782 59.4101319443 178.5152445581
198.6068439201 138.2887594758 193.3329788663
203.2461514015 153.7215344277 195.5556390125
0.0000000000 0.0000000000 0.0000000000
0.0000000000 0.0000000000 0.0000000000
200.8396496544 136.5052436367 167.9219279647
202.4697496658 113.3530783831 167.5423019678
144.4815899720 121.9986081379 167.4019438271
112.7796555166 123.7133609102 152.2137661613
118.4199869398 142.8868665748 133.1898839723
118.3353086593 89.5982264612 138.7018514410
