133.6565387505 133.5691947309 190.6030937312
173.9925606217 117.5862517251 111.0499036730
70.5313167751 127.0307360704 101.6285551197
264.6891055519 110.1655854537 119.3088780540
180.0389969514 197.1897626224 111.6005019652
166.6024717744 44.0541950490 110.3769502048
193.4755221255 143.2212806578 112.8240537253
196.1628271606 154.6895830753 113.0687640773
0.0000000000 0.0000000000 0.0000000000
0.0000000000 0.0000000000 0.0000000000
206.3510987349 135.4646786770 95.3742582314
206.3209787634 93.6497628993 94.4305890154
135.6984638731 121.6338878731 107.5627811565
105.4662822298 123.6577059470 104.8097896965
137.0664556140 139.7186825708 49.2712403856
0.0000000000 0.0000000000 0.0000000000
