159.2932853385 138.7983518219 239.1103592118
195.9492053862 127.9797874655 180.2720988221
116.4460624682 127.3329257473 150.9475539870
271.8109829795 126.0392023112 208.2535347334
197.1629938275 194.6065444241 180.7198017966
195.9492053862 65.2342008150 180.2720988221
214.7629262293 142.2107452624 187.2114949282
218.4042915538 163.5571819579 188.5546038519
0.0000000000 0.0000000000 0.0000000000
0.0000000000 0.0000000000 0.0000000000
235.5942431396 127.3789296964 167.2522607066
231.7265003936 107.3236688454 167.2955073684
167.4251770112 128.6266491836 169.7510789193
143.7563024019 127.9797874655 161.0208709151
166.7989757927 141.4010697263 117.5031402086
164.2262211879 93.4854421294 131.4615768294
