181.6124110250 103.7379391194 198.8082381232
174.6565127875 104.4010024111 134.4030392485
87.6747749717 103.3456082181 144.7730534215
267.9260870720 104.9286995070 123.2833854962
175.1804991610 171.9462308529 134.3405692833
174.6565127867 38.9665623584 134.4030392485
206.6196815032 122.3427037156 130.5923713895
212.3835315997 135.5351311454 129.9052017756
0.0000000000 0.0000000000 0.0000000000
0.0000000000 0.0000000000 0.0000000000
207.0059678942 117.5204927548 104.3824312881
208.8824619782 92.7173105794 103.4530080099
146.3612486788 104.4010024115 137.7764173526
115.9700390804 103.8733053149 141.3996753166
122.0098635503 128.3772146413 80.9277441823
121.1001833528 74.7099832942 86.5469500695
