100.7684500784 108.5844447303 204.1562399884
118.8278627144 97.9709079950 157.1494360069
55.1504713906 91.2063697267 136.8206587069
188.6284918660 104.1249739161 179.5188449897
116.3448391531 150.1316633889 152.7891548812
123.4238989614 47.9346862449 162.0549858946
143.3735614644 113.8011594078 164.0857310197
144.7620681514 125.6081543601 163.7355570958
0.0000000000 0.0000000000 0.0000000000
0.0000000000 0.0000000000 0.0000000000
162.8100242639 107.5990470252 140.6953289244
163.7177097509 87.1946518371 142.6991553346
102.9334149094 97.0856280379 152.0205310589
79.7928228634 93.5996079827 144.7029217071
99.6844583904 107.3646621263 100.2918562784
102.7579267923 63.1949991910 112.4630066017
