105.5089855115 118.7527262260 167.2466920372
146.9016920549 102.2128219035 106.9603584265
65.4193993054 101.4991399445 92.3199798894
222.7645163391 101.4991399445 120.5910556853
146.1992584967 163.5894703756 106.8341482667
146.1992584967 42.2635373494 106.8341482667
167.9746988006 124.3369626319 110.7466632206
168.6771323588 138.6106018115 110.8728733805
0.0000000000 0.0000000000 0.0000000000
0.0000000000 0.0000000000 0.0000000000
178.7725734069 120.0548708780 96.0091450590
176.6354027138 87.9391827240 96.1379029483
109.6950116626 102.2128219035 99.9949918039
87.1948396091 101.4991399445 96.2324948433
107.2487529501 115.7737527888 63.4937028833
108.3928918266 69.2582325245 80.3961107758
