127.1681362412 92.6857938312 232.3884760573
173.3617762083 123.8012018960 197.8704416444
111.1735838212 87.5422820918 209.7315797468
236.1153157990 162.9378137483 185.9014750136
142.8330272184 176.7507355785 203.6931821673
205.0212196053 70.8516682136 191.8320440648
185.7983068583 148.5493491671 195.4924456629
179.0152482435 161.7867369291 196.7921563622
0.0000000000 0.0000000000 0.0000000000
0.0000000000 0.0000000000 0.0000000000
188.9376573890 151.5283691188 169.9453793587
203.2487689369 130.6961696746 166.1472714830
153.5746240853 111.1393568850 201.6444401314
131.5260831479 99.0530502836 205.8497527315
139.7304268428 138.2399243801 151.0355979018
160.3731879216 96.8073167779 148.2748829824
