163.9503348521 123.8781409447 266.2922155990
164.2241425881 117.6611826435 173.1834039597
80.1554336381 147.1412887833 193.9591793475
255.4476352786 86.9527387476 150.6394774749
188.6696537014 192.5897857491 167.1422210455
142.1635593886 48.2600994389 178.6352031749
205.3641490955 125.0312091784 163.0165351529
208.9415409659 141.6137688821 162.1324596043
0.0000000000 0.0000000000 0.0000000000
0.0000000000 0.0000000000 0.0000000000
196.5699677366 115.4568167031 133.2640621951
185.7141459212 88.9746140199 137.0671667758
136.2012396047 127.4878846900 180.1086624222
107.5821046431 137.3145867367 187.1812668096
137.0085415520 152.6683911743 130.6001537541
124.3352355472 84.5024821764 143.9757155687
