92.1417982362 99.8728863939 178.7038379125
146.2315546567 92.9253487479 107.8382777740
51.8540029875 95.6428167060 92.2584147942
240.6091063261 91.2948679728 123.4181407539
147.3040268349 165.7534900281 108.0153216715
146.2315546567 24.4451562007 107.8382777740
189.1304417791 111.9476244553 114.9200336739
193.9565665804 122.8174962883 115.7167312127
0.0000000000 0.0000000000 0.0000000000
0.0000000000 0.0000000000 0.0000000000
179.9166015127 103.2996395748 87.1513942607
178.8530825679 77.2114791965 87.3127987296
111.3762088698 94.5558295227 102.0843511054
82.4194600622 94.5558295227 97.3041658728
110.2611714306 119.8486684631 65.1583246782
109.3818470632 63.5688591720 68.0799199340
