143.7468517740 92.5638745721 232.4333281175
154.4512277009 111.8954901684 171.4099201697
77.6763243628 115.1608587570 148.9186006110
233.5763831821 107.8137794327 194.5897495105
157.5848972249 174.7538354984 172.3279332128
152.1009755580 51.4861712800 170.7214103870
180.3040012741 127.4059909641 178.9835277760
185.7879229411 142.9164917598 180.5900506015
0.0000000000 0.0000000000 0.0000000000
0.0000000000 0.0000000000 0.0000000000
197.9845317718 127.7254855345 163.9916038578
197.2371102473 95.0832966060 163.5326934255
126.2482019850 113.5281744628 163.1478027808
101.1788457929 114.3445166098 155.8036984352
124.3467801607 143.6577685997 134.2924765762
128.4432748163 92.8986514545 119.8312969072
