77.3938367053 106.7499194587 186.8120748568
147.2253886901 101.5129681416 146.7360564111
59.6782371579 122.9400041486 123.6240282758
220.7382640218 83.5419056839 166.1431029375
157.9181705564 153.3525713847 149.5588995423
134.5277102236 47.5997807687 143.3839301931
166.6060558230 111.1896940802 151.8524595863
167.2743546896 125.7047829883 152.0288872823
0.0000000000 0.0000000000 0.0000000000
0.0000000000 0.0000000000 0.0000000000
174.8520383722 108.0149210869 123.6638985403
168.8296212346 83.8148238142 122.2663135225
105.1225600909 110.4984993703 135.6211115828
85.0735940909 116.0280570495 130.3282807118
137.2566511791 129.6229340771 111.8397625971
131.3100139797 79.4293742200 119.2873432851
