195.2259301695 117.0017129801 268.1937332698
202.0718863110 111.4463028187 201.8118076929
125.5016444237 142.3479136020 200.1284829149
270.4350459459 84.1010389971 201.8118076929
225.9989921845 172.1186069231 201.8118076929
178.9993199350 55.9012356810 201.8118076929
217.4535972294 122.5553162463 201.8118076929
223.4353736978 138.7915666404 201.8118076929
0.0000000000 0.0000000000 0.0000000000
0.0000000000 0.0000000000 0.0000000000
228.7395323588 110.6624639006 170.0178310068
221.4453658084 90.9979914789 174.4250069978
178.1447804395 120.8462372575 201.8118076929
152.5085955764 131.9552506850 201.8118076929
176.3329797650 136.5978804856 160.3380815522
165.9977447199 94.7099300571 164.2601052522
