83.7654308910 85.4613795096 189.1871687946
124.9281829632 93.7802463329 154.3782822599
61.0795676035 93.0292134819 119.7156140307
186.6653095881 93.5761074061 187.8825294991
124.7701850239 148.1424466053 155.0006446074
125.9346913892 38.4530868000 154.2038669403
142.2317641775 105.2688736882 163.9191923777
144.3082976159 118.2510809242 165.2153041528
0.0000000000 0.0000000000 0.0000000000
0.0000000000 0.0000000000 0.0000000000
166.2179435577 104.5903102976 140.0143978000
165.8073984026 81.9763898390 140.0188357610
102.1932422049 93.3808173747 141.3337059650
81.3767051242 92.9620993143 130.7307090135
133.9302662189 117.8806651191 115.6488941898
134.8104202792 69.2749904171 114.6058515738
