102.9069904148 137.2020811886 198.3759521506
145.8015798715 112.9866082814 147.8536408906
67.2992909922 128.9239500969 113.3956857132
204.6782965309 101.4457745529 173.6971072738
154.3563164800 176.7359755435 151.6086744678
135.2339640607 53.6337491062 143.2150700014
162.9110530887 125.6265690316 155.3637080448
169.9561302958 142.6630378689 158.4560886376
0.0000000000 0.0000000000 0.0000000000
0.0000000000 0.0000000000 0.0000000000
176.4188229475 112.4246573862 133.1306999340
169.0742146172 89.8073150357 131.9457139705
126.6792274522 117.9326798794 139.4600364244
97.4924790228 122.3291879664 126.6487453970
114.5127013559 133.7625731164 96.7349930375
100.2037100631 92.4385150927 105.9651057567
