167.3706249989 102.4623549750 224.9441888383
172.6943744685 98.4130532140 147.8782193269
88.0401665529 100.0923475724 160.8613605458
246.8359683293 98.9728180002 136.5073636185
172.6943744685 161.6664740465 147.8782193267
171.5877835153 37.9584563124 148.0479335914
202.5723302026 114.6462320129 143.2959341908
209.2118759221 126.9610573066 142.2776486048
0.0000000000 0.0000000000 0.0000000000
0.0000000000 0.0000000000 0.0000000000
201.4050929915 104.7737428177 125.2608106843
203.6753549407 82.0115451238 130.6879696198
141.7098277795 98.9728179996 152.6302187273
116.2582358582 99.5325827863 156.5336468059
122.1186509231 111.6403984814 113.1281760320
126.0536051909 61.1611591966 122.8513075807
