138.0642943439 104.5805298995 196.9187629695
140.1869939140 106.2642660471 135.9738611970
67.7888825635 97.9742231988 140.4746319564
221.8934338669 111.9636705057 130.8944199119
135.0157002457 165.8489490159 136.2953448230
147.4268050494 48.7520937905 135.5237841213
163.9749447861 124.3987347770 134.4950365191
167.5948503537 137.8700544047 134.2699979811
0.0000000000 0.0000000000 0.0000000000
0.0000000000 0.0000000000 0.0000000000
174.8267791939 118.5879986636 111.9814211395
174.4228088893 91.1816444882 113.9552764413
117.4333017752 105.2280106910 137.3883891504
91.0597040691 101.6011169448 139.0279556409
104.6470423012 121.1088914970 84.7730284108
109.8221082045 71.9733609446 92.0417641517
