138.0028126395 96.1951505374 236.1958043524
192.4136508011 101.9525461946 174.4763747451
98.5301594258 105.9634390344 182.8478145313
277.6412174394 97.9416533550 166.8767698326
195.7428526228 172.8116530303 174.1795151780
191.7478104367 35.7728143387 174.5357466583
231.0323919341 119.3330818337 171.0328037690
238.3566359421 132.7027246328 170.3797127218
0.0000000000 0.0000000000 0.0000000000
0.0000000000 0.0000000000 0.0000000000
214.6897030674 124.8249876324 139.3535896971
216.3037352830 93.7629579997 132.4054225486
166.4458765908 103.9579926146 176.7918793668
131.8221776439 104.6264747545 179.8792188624
140.9520049560 134.8447065827 147.7100007319
138.7571553156 79.6341949859 136.7996632310
