94.8884950192 94.2285748598 162.1178116669
121.3990266135 93.8008629740 105.7298891313
56.9086642911 89.2107671750 98.2989397795
200.8719983643 101.0138706580 114.8872206560
118.1419376073 155.4392922742 105.3545886592
127.2617868246 37.4082574439 106.4054299818
157.2270056816 110.8497902272 109.8581943269
159.8326768865 127.2429895091 110.1584347047
0.0000000000 0.0000000000 0.0000000000
0.0000000000 0.0000000000 0.0000000000
159.5713057467 106.5068607304 87.5791722677
162.1474011878 82.2399661995 87.6058237241
104.4621637813 91.8336790601 103.7783266753
80.3597051357 91.1779510887 101.0011031802
93.8992151343 105.3151536929 59.0807362436
95.6412272905 62.1117398350 63.9015296180
