131.9238873046 102.9528153188 207.4119085431
157.2617138190 95.1130374890 145.2931296993
71.6829484763 112.8624532198 156.2754718275
235.8813597428 78.7824707417 135.9403863969
168.7836700889 159.0353327060 144.2500724695
143.6902251779 38.6560397595 147.3577599443
184.6034505736 106.8160047156 142.2908781930
193.3316053267 121.1076102708 141.2099434187
0.0000000000 0.0000000000 0.0000000000
0.0000000000 0.0000000000 0.0000000000
181.8155574338 103.9557300689 110.2765156850
178.2257581111 76.6130253602 114.7665305570
127.2104309148 101.0150953679 149.3604599750
98.9584320753 107.3656818522 152.8975506594
135.9994358941 120.6965462790 106.7056917435
126.4035404695 71.2755043563 108.0407475245
