145.5017970861 108.4936699890 249.6990072988
176.0320047879 111.7730710545 172.0029993089
79.3388527873 112.4696459087 177.0333013021
270.6382542274 109.6833464906 167.0812649845
176.0320047875 187.0031553836 172.0029993089
173.2494680403 36.5429867254 172.1477562008
196.9010303994 134.0634664115 170.9173226199
200.3792013346 150.7812629290 170.7363765050
0.0000000000 0.0000000000 0.0000000000
0.0000000000 0.0000000000 0.0000000000
207.1568848876 126.6039001211 134.8359596985
205.2421016183 86.1995095795 135.5098890621
142.6373773202 111.7731452147 173.7263306150
109.9467570177 112.4696459089 175.4409754914
140.4228605860 141.6960242830 121.6383551269
141.0429813586 62.4285192210 129.4502221056
