153.5270439985 125.9172684908 212.0880501063
171.4580949518 109.0169633058 130.0962020016
72.3242182146 110.4079976949 152.9669700521
280.1957207525 108.2461805088 104.8313575096
168.5235770404 188.8837459693 111.9076551297
174.8622126233 33.9651438844 147.0369094532
198.6442162016 131.5390605155 118.4112967241
197.8322248304 149.4413293683 114.3703940293
0.0000000000 0.0000000000 0.0000000000
0.0000000000 0.0000000000 0.0000000000
209.0656847730 124.1004094892 99.3943051092
211.2903885849 88.9414867825 107.0033266553
139.0808619049 109.9347956015 137.4562743816
102.6055823612 110.1933493210 145.9311905732
101.4210979366 123.4149586633 78.0862518620
107.5430990503 65.2455669986 94.6607100519
