105.9845205028 98.8925148144 160.5710485674
141.1575590098 96.9245961978 101.8982115033
72.3675599995 94.4133891019 51.3725879328
205.4191600134 99.1406965111 147.5067897582
139.8650104357 155.4011102410 99.7980134272
141.2366517640 40.3389153459 102.4568774660
164.5188797754 112.2508645354 118.4988002696
164.5794301201 125.9564202878 118.1652731218
0.0000000000 0.0000000000 0.0000000000
0.0000000000 0.0000000000 0.0000000000
187.8147687141 112.0763179004 94.2669921399
188.1100021225 81.8199968227 93.2940026901
115.1916059792 96.5684943388 83.1142649485
93.8013856239 95.2159416935 66.8056199891
126.5588899175 119.4730582188 41.1803468964
0.0000000000 0.0000000000 0.0000000000
