144.1278778648 100.0978017010 233.4258917226
161.9398551020 97.9553228495 152.1802406711
67.7019660157 94.5901102479 137.6749788132
247.8626363278 100.1987979173 165.4056264824
160.8311740541 167.5030499500 152.0095905313
164.1572171982 34.5771521853 152.5215409497
201.8523728329 122.0726798279 158.3236456929
202.9610538809 131.0465800989 158.4942958327
0.0000000000 0.0000000000 0.0000000000
0.0000000000 0.0000000000 0.0000000000
193.3368908821 110.5124728845 127.9603645430
194.4304230579 84.1504592116 127.9468073767
132.5598073281 96.8335853156 147.6580119740
99.2993758858 95.7118477818 142.5385077889
112.2616064196 114.0120907886 102.5579157070
114.8605805799 62.1941043026 109.9322794896
