150.7115041261 114.1549781076 184.2522181121
172.0265043328 97.7207307716 116.6975310143
98.1702688110 111.0417082472 98.5331163260
249.6835105506 85.3637166735 135.5697873362
185.2097213555 162.7442072874 110.6669977628
161.3839198359 37.9069768379 122.5731346129
195.3143610368 113.8050718297 119.6343188485
198.2447199075 128.0055228339 118.3286529083
0.0000000000 0.0000000000 0.0000000000
0.0000000000 0.0000000000 0.0000000000
214.4702886043 102.8614853573 87.2713532256
207.7874593447 77.5248703078 90.6454951595
151.7350677908 101.0953917603 111.7462304220
124.3363216610 106.2170702696 104.9829482986
130.4701080154 121.6396563532 83.9868805674
124.0584298317 73.7942562349 92.6995559449
