98.9290921063 102.7775869701 185.8805583675
160.6519800408 111.9700281414 130.9917345198
74.1195965471 113.6669401086 129.3652601765
234.9083704331 110.0024359339 132.4751805968
162.3619503530 171.6882562325 137.0903986503
158.3309895312 49.5381170257 124.7573979194
183.3179635966 129.5464582061 133.3187937407
186.9695257141 143.5937242150 134.8060340781
0.0000000000 0.0000000000 0.0000000000
0.0000000000 0.0000000000 0.0000000000
185.6386491904 124.9547387896 107.7753997371
185.2575625984 102.3351579586 104.9837880453
133.6468727085 112.8317582830 132.8173175700
104.8042850942 113.0561894130 129.9676328485
108.0819878068 140.9233059604 110.8129030730
108.0849601250 90.8943141848 102.2152628366
