101.9670279900 112.5352522908 164.7177293861
160.1863606282 98.5446990981 104.3890393199
61.4495548286 104.3527467344 104.3890393199
254.8575332477 92.7366514619 104.3890393199
164.2519938082 174.0493183689 104.3890393199
156.1207274483 32.9137608087 104.3890393199
179.3529170481 124.6809134610 104.3890393199
181.0953312681 138.6202277879 104.3890393199
0.0000000000 0.0000000000 0.0000000000
0.0000000000 0.0000000000 0.0000000000
194.7666679048 109.1882366379 83.6015535280
193.0286090569 81.8901531667 83.6329653136
123.0148572683 100.8679181525 104.3890393199
92.8130107885 102.6103324434 104.3890393199
115.1338234633 115.3607685835 58.7022025878
113.3322504611 64.0750143958 71.0032476000
