118.6071812082 126.2363081418 193.4075310501
163.3875437257 110.2705940885 135.0738914561
73.8434123527 114.0140712537 137.2353143438
238.9061476166 109.2196974215 133.2612152726
164.9888215019 176.0980982792 135.3542729344
160.7072936115 44.9822513194 134.8219462938
180.6455365384 123.2266012479 134.7235374267
182.7977774909 144.2704330546 134.7739074992
0.0000000000 0.0000000000 0.0000000000
0.0000000000 0.0000000000 0.0000000000
196.2475740237 114.2735277892 115.8822590795
196.1437886174 85.6812872771 115.3561582485
129.9431573284 112.4163499693 135.8847940132
102.9721876235 112.9458315638 136.5329257001
118.1939913387 123.9048874524 78.8866504876
116.7302906220 70.2476299245 89.8073576827
