123.2431454484 107.3087244602 202.4323846298
156.8251118440 101.5464927866 140.5617973458
82.1337309912 98.2584929829 117.2176640372
234.6547860101 106.1496925118 164.8867765920
154.9421358562 168.6216887819 139.9732897835
159.9634051573 43.0200962808 141.5426432832
184.4420929997 120.6168916479 149.1932415947
188.2080449756 133.1112909019 150.3702567192
0.0000000000 0.0000000000 0.0000000000
0.0000000000 0.0000000000 0.0000000000
195.7250265067 111.8099371063 124.8422548539
192.4000081862 86.8357041914 125.5371923773
125.4421787125 100.2312928651 130.7533379724
102.2188081953 98.2584929829 123.4950780360
136.1607083228 124.3526111241 99.2702760733
128.1221491888 69.9708348628 99.1342912423
