103.8558439029 113.3569841274 202.2716639554
154.9062226268 105.2558724610 137.9706231720
68.4016635021 111.2775826029 117.0963284230
245.3132430656 99.2341623218 159.7866154288
160.1095043768 179.5236308762 139.2262198481
151.0037613148 38.3479819967 137.0289256649
184.8250926994 127.3354763149 145.1903040627
188.0771437940 139.3788965985 145.9750519855
0.0000000000 0.0000000000 0.0000000000
0.0000000000 0.0000000000 0.0000000000
195.7016907169 121.0260095283 121.9070060852
191.7533413428 89.5716950603 121.6880155848
121.7353014585 107.9321880785 129.9661943583
93.1172518233 109.9394247916 123.0604126368
111.6477166174 124.4958850087 76.5760992857
109.2839702668 70.1570667688 81.4707470281
