106.0952506598 127.4236253240 149.6349181557
137.6978187353 99.1601570734 112.8699679424
71.3614114429 128.4715927216 112.8699679424
209.6908188977 68.3060142859 112.8699679424
162.8953687923 154.1833783778 112.8699679424
114.0429758249 45.1654071953 112.8699679424
174.2085545320 102.2455713523 112.8699679424
180.8936188329 114.0729927540 112.8699679424
0.0000000000 0.0000000000 0.0000000000
0.0000000000 0.0000000000 0.0000000000
172.5863761658 88.3572795809 87.6060810769
160.6306490906 69.3314469669 94.0042331536
117.6426258329 108.9306356228 112.8699679424
92.4450757762 119.7295855986 112.8699679424
104.6390421066 116.9609111864 55.4420575744
90.6610975890 76.9807224018 77.0149883529
