139.2965332997 123.4159254163 265.8511214177
173.8078937540 130.6068142885 213.0957851685
91.9546152924 111.0215539421 218.2162044300
246.8074473433 138.9051345695 209.2148663065
153.6499968194 192.4227922574 214.3567839417
187.2464917102 76.7473483356 212.2551193193
185.4139556253 158.7606260367 212.3697555715
181.1380380938 171.0014137532 212.6372401596
0.0000000000 0.0000000000 0.0000000000
0.0000000000 0.0000000000 0.0000000000
195.0090130743 154.4021729825 179.8395007060
200.5187360697 127.2815010863 175.1629172775
147.6212655600 128.1586567453 214.7239629618
121.2751926517 119.5901053437 216.3820243959
131.4723988757 153.1431577577 159.9154861746
133.5551952554 102.1346718801 161.4981755424
