140.0711348960 105.3073536999 185.6041948181
145.9497950301 95.3042181878 114.6744010134
62.7735029029 93.0770284107 114.7140270220
230.5850211418 98.5532489805 114.5074516010
144.7975828760 156.6968358800 106.7606778883
148.4950488035 37.3886159359 122.1442612449
182.2179740789 110.0342190329 112.8843255550
186.6813403456 128.3350805936 110.5395746367
0.0000000000 0.0000000000 0.0000000000
0.0000000000 0.0000000000 0.0000000000
180.3373106560 102.9733312489 85.9010490173
180.1162928391 78.9574848219 89.5270542698
115.2537824594 94.4822791035 114.6890248983
88.0234487272 93.7531395932 114.7019976988
106.4363080052 111.8735061086 67.8791028532
109.3984604870 59.0175633199 79.2371347167
