159.6542939766 115.7462268857 239.3509649131
190.2377692588 114.5357650847 178.1371100574
105.9551972740 116.0589452633 178.2392683013
279.5976046163 109.9662245486 178.0287977029
192.2686746078 176.4784256829 178.1346484133
189.2223165843 50.0544708552 178.1383408798
232.3790552513 125.1980263351 178.0860309358
234.4099606003 139.9221013955 178.0835692914
0.0000000000 0.0000000000 0.0000000000
0.0000000000 0.0000000000 0.0000000000
228.2068538784 122.4695476962 138.1109092215
223.8999365693 95.5435351441 140.6290495275
168.4055367569 115.0434918108 178.1635727352
136.4187775093 115.5512185370 178.2023436346
157.9826623299 143.0245749440 129.3028197605
152.4998468098 85.9840524016 125.2539343016
