105.9381979660 143.3033278825 254.6237521042
158.7863749291 136.5219740332 204.2198434178
73.8613872031 150.2694328257 186.8163938479
237.2681668682 128.0398950925 220.1249604481
166.4414229560 197.9471229842 204.5931882120
148.4414157983 72.3694610819 203.3555958941
179.3225846285 148.8264335245 208.2823991290
182.2247389545 166.5190215489 208.8050713120
0.0000000000 0.0000000000 0.0000000000
0.0000000000 0.0000000000 0.0000000000
189.3815990819 138.9817725135 181.6036776092
183.9226746249 113.7211495994 181.7410865408
122.6781563795 142.7059596587 196.8138188945
99.2752252585 146.8278640960 192.0115573984
128.0619936092 154.1509003128 177.5580117617
122.0265843360 115.7977846993 180.3058681066
