147.1220558845 89.4796978451 240.7236435355
167.9919484707 101.3741359529 180.9510377705
81.2147178591 113.5111527255 152.3230783396
231.2469157615 92.1271546510 201.7944121349
175.6341870855 163.7419388742 187.3666937561
158.8846403049 38.9939153388 174.0387106960
183.4990847349 124.6761197379 187.6305623829
186.5659281595 138.0895414289 189.4921217795
0.0000000000 0.0000000000 0.0000000000
0.0000000000 0.0000000000 0.0000000000
193.3993585757 118.4384489370 162.0652057495
194.8476681349 89.7951334953 158.6521736926
130.9614447014 106.5956633426 171.1931723863
107.6941704500 109.6163797887 161.0469547996
155.3370214994 134.5554659326 150.1242248905
156.0771084921 78.8254253883 141.9621151027
