124.1168382397 118.5193272762 200.4178203315
170.6256477653 108.0721034944 118.5604322900
57.2560678989 110.0558719336 116.8173688354
266.9880175937 108.1926103240 120.0096993363
171.2507565676 193.0946367681 117.0493526646
169.2857342735 29.4253076808 119.9467253396
200.3665366768 126.5306757310 118.6782905877
203.8911926218 144.9564630212 118.4018629976
0.0000000000 0.0000000000 0.0000000000
0.0000000000 0.0000000000 0.0000000000
205.9405793095 118.3207297275 93.0339792049
204.6220412406 85.7339809092 93.9981415169
134.4876731288 110.1524546132 117.9789137476
96.2268392492 109.3960925865 117.4161506126
125.9091681299 136.8005274730 65.2972219020
123.3795534335 79.7778276603 66.3181501006
